0 0 -6
20 21 0
18 19 10
21 19 -60
4 0 -55
1 23 -88
7 0 -80
16 4 -90
12 10 7
16 12 -37
21 13 -48
0 11 -38
5 21 -39
10 11 -22
15 12 5
12 12 -56
5 1 -169
9 9 -155
10 28 -23
16 9 -30
13 8 143
13 8 128
0 16 -37
13 12 -20
4 7 17
4 5 -38
15 14 67
17 26 213
1 23 208
11 12 94
6 15 1
11 11 4
12 0 8
9 9 8
8 12 72
13 1 72
18 18 135
18 20 80
18 9 18
5 12 167
5 10 232
4 12 226
7 10 163
7 13 89
13 2 51
11 6 13
15 15 34
9 15 20
6 14 15
18 10 15
21 17 -57
3 15 -133
1 11 -155
16 9 -151
6 0 -51
16 14 -18
5 3 125
7 6 199
16 6 216
14 9 215
20 19 269
19 23 300
17 12 252
6 18 89
19 24 100
21 16 150
5 20 27
14 9 179
8 14 179
16 8 194
20 7 275
21 18 334
8 9 474
10 6 323
17 18 392
27 7 415
11 20 322
10 17 326
6 20 335
24 18 295
16 1 318
16 23 299
2 23 313
20 22 383
0 5 238
14 12 215
8 14 194
15 17 235
8 13 313
16 12 372
22 18 382
10 21 419
8 18 439
0 17 473
14 16 474
20 14 498
21 15 634
19 8 634
-1 17 637
10 12 578
0 0 312
12 8 299
16 18 273
8 23 228
12 6 313
10 12 411
10 10 464
10 9 321
15 10 312
0 15 297
18 17 368
23 18 377
17 22 433
1 19 440
19 13 457
7 0 280
23 15 239
22 23 216
13 14 194
0 5 91
11 10 115
1 3 133
7 10 128
7 10 97
0 16 102
11 18 95
19 19 34
1 9 41
6 10 43
1 11 101
0 6 105
17 2 100
13 10 71
16 14 39
17 21 83
6 4 133
7 2 63
11 10 103
10 11 104
14 10 72
13 12 156
18 2 310
5 13 402
9 12 436
14 18 436
14 10 310
1 11 391
15 14 438
25 26 402
20 10 440
15 11 437
1 13 466
9 10 401
13 0 365
0 10 406
15 19 406
27 11 420
4 11 415
8 9 352
16 18 428
17 7 414
6 16 553
17 11 694
2 9 619
1 11 611
14 16 637
19 15 749
16 13 697
0 15 817
8 9 791
9 4 863
7 14 868
14 0 796
18 21 840
8 6 958
10 6 964
1 24 879
20 24 879
22 11 811
0 11 799
11 7 785
10 9 843
11 16 863
12 20 838
11 9 844
7 6 797
2 13 942
18 9 985
19 0 976
0 9 891
16 10 778
14 11 778
14 19 779
10 12 690
6 6 687
10 13 626
12 18 730
6 10 731
12 10 859
0 1 516
